  PID
    1
    2
    3
    5
    7
    8
    9
   10
   11
   12
   13
   14
   15
   16
   17
   18
   19
   20
   21
   22
   23
   24
   28
   29
   30
   31
   47
   48
   49
   50
   51
   52
   53
   54
   55
   56
   57
   58
   59
   60
   66
   79
   80
   81
  125
  132
  133
  134
  135
  159
  160
  196
  209
  240
  346
  375
  470
  584
  588
  592
  594
  598
  671
  672
  675
  678
  691
  703
  770
  795
  797
  823
  834
  851
  958
  968
  969
  980
  993
 1058
 1059
 1060
 1061
 1062
 1076
 1077
 1078
 1079
 1080
 1253
 1258
 1675
 1838
 1907
 1949
 1959
 1979
 1980
 2045
 2046
 2052
 2054
 2140
 2141
 2153
 2181
 2183
 2186
 2191
 2206
 2210
 2215
 2223
 2225
 2227
 2238
 2246
 2251
 2253
 2260
 2272
 2274
 2282
 2286
 2301
 2313
 2317
 2320
 2321
 2323
 2325
 2329
 2333
 2344
 2366
 2376
 2384
 2429
 2431
 2435
 2445
 2452
 2455
 2461
 2476
 2482
 2487
 2493
 2503
 2516
 2547
 2556
 2559
 2580
 2682
 2689
 2696
 2704
 2718
 2724
 2725
 2736
 2737
 2740
 2746
 2929
 2990
 2992
 3560
 9053
10514
10515
10520
10521
10522
10565
17929
17930
18537
18577
18583
18642
18670
18691
18826
19074
19309
19326
19341
19413
23093
23883
23897
23898
23933
23945
24107
24481
25162
25708
28261
29241
30264
30294
30312
30814
31248
31619
31757
32017
32018
32019
